# Created by Octave 4.2.2, Sun Apr 08 00:09:23 2018 GMT <unknown@unknown>
# name: S
# type: matrix
# rows: 1
# columns: 4
 0.01330204674786349 0 10 26


