# Created by Octave 4.2.2, Mon Apr 09 00:00:54 2018 EEST <riho92@stage3>
# name: S
# type: matrix
# rows: 1
# columns: 4
 0.01330204674786343 0 10 26


